%YAML:1.0
---
model_type: PINHOLE
camera_name: camera
image_width: 848
image_height: 480
distortion_parameters:
   k1: 0
   k2: 0
   p1: 0
   p2: 0
projection_parameters:
   fx: 616.802734375
   fy: 616.7510375976562
   cx: 435.0341796875
   cy: 242.90113830566406
