%YAML:1.0

#common parameters
#support: 1 imu 1 cam; 1 imu 2 cam: 2 cam; 
imu: 1         
num_of_cam: 1  

imu_topic: "/d400/imu0"
image0_topic: "/d400/color/image_raw"
image1_topic: "/t265/fisheye2/image_raw"
output_path: "/home/linzs/vinsOutput"

cam0_calib: "cam0_pinhole.yaml"
cam1_calib: "cam1_pinhole.yaml"
image_width: 848
image_height: 480
   

# Extrinsic parameter between IMU and Camera.
estimate_extrinsic: 0   # 0  Have an accurate extrinsic parameters. We will trust the following imu^R_cam, imu^T_cam, don't change it.
                        # 1  Have an initial guess about extrinsic parameters. We will optimize around your initial guess.

body_T_cam0: !!opencv-matrix
   rows: 4
   cols: 4
   dt: d
   data: [0.999947,  -0.00528479,  -0.00887908, -0.0203127935528755, 
          0.00527583,  0.999986,  -0.001033,    0.0051032523624599, 
          0.00888441, 0.000986101,  0.99996,  0.0112013882026076, 
          0. ,0.  ,0.  ,1.  ]

body_T_cam1: !!opencv-matrix
   rows: 4
   cols: 4
   dt: d
   data: [-9.9908533290785595e-01, 1.6035957654161839e-02, 3.9640202200716325e-02, -0.06100400373236911,
         -1.5489640954704493e-02, -9.9978129877729116e-01, 1.4050823402495322e-02, 0.004859511023863885,
         3.9856851249115109e-02, 1.3423959077250542e-02, 9.9911522295038535e-01, -0.0022157241622004077,
         0., 0., 0., 1. ]
   # data: [-0.999768258980969, -0.01371448358867344, 0.016593410561375914, -0.06100400373236911,
   #              0.013686981433494675, -0.9999047625489491, -0.001769850606391636, 0.004859511023863885,
   #              0.016616102834345566, -0.0015423267571366712, 0.9998607534825902, -0.0022157241622004077,
   #              0., 0., 0., 1. ]
   # data: [-0.999978, 0.00457962, 0.00473468, -0.0533793,
   #        -0.00454895, -0.999969, 0.00646823, -0.000372384,
   #        0.00476415, 0.00644655, 0.999968, -1.49855e-05,
   #        0., 0., 0., 1. ]

#Multiple thread support
multiple_thread: 1

#feature traker paprameters
max_cnt: 160            # max feature number in feature tracking
min_dist: 30            # min distance between two features 
freq: 10                # frequence (Hz) of publish tracking result. At least 10Hz for good estimation. If set 0, the frequence will be same as raw image 
F_threshold: 1.0        # ransac threshold (pixel)
show_track: 1           # publish tracking image as topic
flow_back: 1            # perform forward and backward optical flow to improve feature tracking accuracy

#optimization parameters
max_solver_time: 0.08  # max solver itration time (ms), to guarantee real time
max_num_iterations: 8   # max solver itrations, to guarantee real time
keyframe_parallax: 10.0 # keyframe selection threshold (pixel)

#imu parameters       The more accurate parameters you provide, the better performance
acc_n: 0.2 #0.17234583598926773 #2.9840535876578939e-02          # accelerometer measurement noise standard deviation. #0.2
gyr_n: 0.02785349462679809 #4.8602774318549456e-03         # gyroscope measurement noise standard deviation.     #0.05
acc_w: 0.02 #0.0004303245667795518 #9.2450042830019173e-03        # accelerometer bias random work noise standard deviation.  #0.02
gyr_w: 1.8512832361420828e-05 #3.0172667291423203e-05       # gyroscope bias random work noise standard deviation.     #4.0e-5
g_norm: 9.81       # gravity magnitude

#unsynchronization parameters
estimate_td: 1                      # online estimate time offset between camera and imu
td: 0.00                             # initial value of time offset. unit: s. readed image clock + td = real image clock (IMU clock)

#loop closure parameters
load_previous_pose_graph: 0        # load and reuse previous pose graph; load from 'pose_graph_save_path'
pose_graph_save_path: "/home/linzs/vinsOutput/pose_graph/" # save and load path
save_image: 0                   # save image in pose graph for visualization prupose; you can close this function by setting 0 

# 通过topic保存真值
save_groundTruth: 0
ground_truth_save_path: "/home/linzs/vinsOutput/ground_truth.csv"
