%YAML:1.0
---
# model_type: MEI
# camera_name: camera
# image_width: 848
# image_height: 800
# mirror_parameters:
#    xi: 1.6943561
# distortion_parameters:
#    k1: -0.1075293
#    k2: 0.6081762
#    p1: 0.0029581
#    p2: 0.0020715
# projection_parameters:
#    gamma1: 774.927
#    gamma2: 773.762
#    u0: 420.086
#    v0: 402.516
model_type: MEI
camera_name: camera
image_width: 848
image_height: 800
mirror_parameters:
   xi: 1.75347951
distortion_parameters:
   k1: 0.03509054
   k2: -0.3590536
   p1: 0.00250588
   p2: 0.00058101
projection_parameters:
   gamma1: 788.10829678
   gamma2: 788.19861186
   u0: 416.33019648
   v0: 404.21771229